22170,140,1
19741,306,1
22773,278,1
2498,208,1
22587,307,1
17680,177,1
540,94,1
11,22,1
24027,423,1
20102,93,1
24162,306,1
22367,277,1
18867,168,1
4247,93,1
11862,103,1
22464,89,1
12149,306,1
2126,388,1
7267,22,1
18956,157,1
9127,285,1
20122,277,1
20112,157,1
20437,1,1
23573,285,1
22459,168,1
10323,177,1
18269,206,1
6826,267,1
23995,444,1
11682,6,1
8715,157,1
3684,58,1
8046,22,1
6890,22,1
20150,388,1
20664,92,1
20455,1,1
2921,1,1
22471,5,1
22471,6,1
22471,2,1
2783,2,1
20592,2,1
11001,2,1
10913,7,1
1928,15,1
392,16,1
1928,17,1
2634,22,1
18018,22,1
18018,27,1
22662,32,1
7758,10,1
2609,55,1
19831,59,1
18257,42,1
7231,47,1
7231,42,1
1930,71,1
2130,62,1
3684,63,1
20477,62,1
3684,75,1
15,107,1
3248,22,1
15,96,1
353,96,1
20691,40,1
4231,78,1
11089,78,1
17459,96,1
255,67,1
22759,114,1
12701,114,1
7256,119,1
20486,121,1
65,119,1
22917,80,1
9925,134,1
2203,132,1
2203,127,1
20698,135,1
10843,135,1
4017,135,1
12567,132,1
20698,140,1
12704,184,1
1956,156,1
94,169,1
11854,169,1
21059,24,1
17934,28,1
462,28,1
8955,29,1
363,20,1
477,29,1
12173,29,1
19675,202,1
10377,195,1
19675,191,1
19749,191,1
2080,191,1
353,99,1
23467,236,1
15796,224,1
23304,210,1
23304,231,1
17891,3,1
23557,3,1
313,251,1
10394,260,1
313,260,1
20273,261,1
3172,271,1
3172,267,1
9754,266,1
9754,268,1
20966,266,1
2580,280,1
12373,285,1
2580,287,1
19759,288,1
15847,288,1
21620,290,1
21620,288,1
2828,296,1
10217,303,1
10825,310,1
2367,309,1
10956,5,1
2783,5,1
20592,5,1
2783,6,1
19792,2,1
19792,7,1
2676,7,1
10956,2,1
2676,5,1
20592,6,1
2676,2,1
11001,6,1
7758,15,1
1920,15,1
10913,5,1
17948,15,1
7758,17,1
17948,13,1
287,17,1
1928,16,1
2634,31,1
3248,39,1
7731,17,1
2634,27,1
8086,39,1
3248,31,1
8086,22,1
2741,39,1
1920,13,1
18018,32,1
20446,39,1
8086,32,1
18257,55,1
19831,55,1
2609,59,1
20446,27,1
17948,16,1
18257,59,1
7231,55,1
20691,55,1
7231,40,1
18257,40,1
2630,47,1
19831,47,1
2609,42,1
19831,40,1
2130,71,1
3684,71,1
8993,40,1
20691,47,1
8993,42,1
21368,63,1
255,63,1
20477,63,1
3684,62,1
19290,71,1
21368,67,1
2609,40,1
3684,67,1
1930,67,1
2130,75,1
19967,75,1
1930,62,1
255,75,1
21368,62,1
20691,42,1
2130,67,1
19967,62,1
22917,99,1
19290,75,1
7512,96,1
7512,78,1
20199,78,1
20477,71,1
20199,80,1
65,118,1
7287,118,1
4231,99,1
15,78,1
12701,110,1
7512,99,1
353,80,1
22917,78,1
3249,110,1
7231,59,1
65,114,1
3249,114,1
65,115,1
65,110,1
21368,75,1
2222,110,1
7287,115,1
22759,115,1
3249,119,1
22759,119,1
2222,114,1
3249,115,1
3812,122,1
7287,114,1
12559,118,1
20486,122,1
12559,110,1
12567,121,1
9925,122,1
12567,127,1
7256,110,1
17847,127,1
467,134,1
9925,132,1
12567,134,1
17847,132,1
4017,136,1
6567,134,1
19961,136,1
20486,132,1
1956,135,1
20747,135,1
20747,156,1
2222,115,1
20747,140,1
3812,134,1
20199,96,1
10843,140,1
1956,139,1
20764,139,1
94,172,1
2912,169,1
19961,156,1
11718,169,1
2912,184,1
12704,179,1
2912,179,1
1937,184,1
20698,136,1
22674,172,1
22674,179,1
20764,135,1
94,161,1
12704,169,1
22674,161,1
467,132,1
1937,179,1
17290,25,1
139,25,1
7267,25,1
11718,179,1
3307,24,1
19961,140,1
3018,21,1
362,25,1
3932,21,1
7175,28,1
3601,25,1
22346,28,1
340,29,1
7662,20,1
20683,21,1
7930,20,1
10377,194,1
17848,194,1
22763,194,1
22763,204,1
19675,194,1
19749,202,1
441,25,1
17848,202,1
2114,24,1
17683,29,1
6881,4,1
19753,4,1
18196,4,1
12739,28,1
23060,236,1
8192,224,1
23304,224,1
23304,220,1
23467,220,1
310,231,1
310,224,1
8192,231,1
15796,210,1
15796,236,1
19950,210,1
19950,231,1
210,204,1
15796,220,1
15796,231,1
20489,3,1
313,257,1
20273,257,1
18139,251,1
18139,260,1
19739,220,1
10394,261,1
10394,257,1
20176,261,1
20176,251,1
8192,220,1
12800,261,1
375,239,1
20704,3,1
20273,260,1
18155,263,1
9754,263,1
20966,271,1
8472,267,1
20176,239,1
20966,267,1
313,261,1
20966,268,1
3172,268,1
22373,266,1
10296,257,1
9657,280,1
12373,280,1
19847,280,1
9657,285,1
375,261,1
20027,266,1
19847,285,1
11168,287,1
22244,287,1
11168,273,1
8472,271,1
2580,276,1
562,289,1
20027,267,1
12373,276,1
18139,261,1
18272,288,1
23178,288,1
2828,290,1
22244,285,1
20273,239,1
22268,273,1
19847,273,1
15847,300,1
2828,300,1
562,300,1
562,296,1
2828,289,1
20712,290,1
21620,296,1
11168,276,1
3172,266,1
10825,319,1
7673,303,1
23178,296,1
10217,319,1
15847,289,1
23445,310,1
20285,310,1
590,310,1
7673,319,1
20285,309,1
18811,319,1
18811,310,1
10217,309,1
2367,319,1
20285,306,1
2367,306,1
3137,325,1
10825,309,1
18811,309,1
10825,306,1
9749,330,1
3137,330,1
2378,330,1
2378,326,1
22419,326,1
2378,320,1
3137,320,1
590,309,1
297,361,1
8105,330,1
9373,330,1
23445,309,1
2082,361,1
12269,325,1
18272,290,1
23647,345,1
9337,361,1
10943,361,1
10943,346,1
9749,326,1
9373,326,1
297,346,1
2082,346,1
9337,346,1
2082,341,1
3536,394,1
478,361,1
297,345,1
2745,394,1
19986,361,1
19986,346,1
23466,394,1
3536,387,1
20089,387,1
9373,320,1
1941,392,1
9337,341,1
20089,392,1
19986,345,1
2745,387,1
23558,367,1
3536,367,1
15971,367,1
30,371,1
9337,349,1
30,392,1
23466,392,1
2225,41,1
22608,41,1
6669,41,1
22635,41,1
23466,367,1
15971,371,1
12269,320,1
20089,394,1
23689,41,1
20,44,1
23558,387,1
5,38,1
22622,30,1
2882,30,1
12706,44,1
1941,367,1
42,38,1
1935,46,1
218,46,1
9546,46,1
238,36,1
3522,30,1
460,30,1
1988,36,1
2157,44,1
15322,45,1
10912,12,1
135,12,1
146,45,1
23092,404,1
23288,420,1
9987,420,1
11763,45,1
23093,420,1
23288,427,1
15659,30,1
23133,427,1
11108,427,1
4233,429,1
23092,428,1
1947,36,1
23093,404,1
19793,441,1
22112,12,1
23993,441,1
23115,441,1
23037,433,1
22293,433,1
12080,427,1
17818,33,1
19316,33,1
23092,420,1
2110,433,1
427,406,1
9987,428,1
23725,442,1
20719,442,1
124,442,1
23709,449,1
124,449,1
23709,406,1
20719,406,1
23529,444,1
427,444,1
427,450,1
23709,450,1
24052,457,1
20719,444,1
23115,437,1
23709,444,1
22859,469,1
124,444,1
23529,442,1
24064,475,1
23279,475,1
22293,437,1
4138,475,1
4138,457,1
22859,457,1
20109,442,1
427,442,1
24064,460,1
24047,451,1
23727,460,1
24047,460,1
23727,475,1
2662,488,1
23204,478,1
6936,478,1
24052,451,1
3432,57,1
425,33,1
23799,479,1
22859,460,1
17839,61,1
315,61,1
8457,60,1
20534,34,1
11187,34,1
16029,57,1
20279,65,1
17871,60,1
2749,60,1
23544,66,1
8273,66,1
3262,34,1
3613,61,1
18428,60,1
12002,58,1
2673,58,1
22944,54,1
7754,54,1
3822,66,1
20164,65,1
8525,54,1
12562,66,1
2579,65,1
2206,60,1
4247,61,1
20238,14,1
6561,14,1
398,48,1
2826,90,1
8934,90,1
2720,54,1
6936,479,1
13684,88,1
2551,48,1
12241,88,1
528,90,1
8240,88,1
19965,85,1
188,90,1
17698,54,1
18422,48,1
11916,84,1
22252,84,1
20168,69,1
2273,35,1
19984,49,1
2081,88,1
22670,49,1
280,35,1
3824,100,1
470,108,1
2103,108,1
2511,85,1
19730,69,1
4071,105,1
10793,105,1
19257,85,1
8647,104,1
19937,108,1
14115,104,1
22845,88,1
23751,49,1
8822,85,1
492,58,1
20664,98,1
20421,111,1
15035,105,1
21879,104,1
3032,98,1
22940,98,1
15778,104,1
6547,128,1
9743,128,1
20462,128,1
22445,138,1
20688,138,1
18089,129,1
8896,129,1
9019,130,1
3524,128,1
20809,138,1
22168,130,1
10381,130,1
22697,131,1
20250,129,1
22134,125,1
2535,130,1
3442,117,1
9071,130,1
8070,98,1
24046,117,1
22178,117,1
22149,126,1
3797,126,1
7776,126,1
13890,125,1
3450,154,1
15354,125,1
7244,154,1
20097,92,1
22377,126,1
2980,126,1
20092,159,1
18852,159,1
243,152,1
22899,151,1
22623,92,1
2711,151,1
10930,154,1
20755,94,1
11862,128,1
22199,94,1
13049,147,1
20149,149,1
2056,151,1
22500,151,1
22370,152,1
6931,93,1
20668,170,1
1931,170,1
12787,173,1
12394,170,1
18026,93,1
11811,173,1
21008,173,1
2231,93,1
8734,175,1
20748,175,1
7210,170,1
12131,150,1
23050,173,1
22955,163,1
20253,163,1
22746,174,1
85,160,1
2398,147,1
17971,187,1
21,187,1
3433,188,1
19731,176,1
20582,176,1
57,176,1
628,160,1
22968,146,1
2853,146,1
6553,190,1
20266,190,1
547,196,1
17657,176,1
23519,193,1
10978,146,1
8950,190,1
20682,193,1
23577,193,1
22828,142,1
20724,176,1
3277,175,1
22749,185,1
21014,196,1
6662,174,1
19052,162,1
17849,197,1
20817,197,1
6651,185,1
13841,196,1
23527,185,1
12952,216,1
1960,193,1
11144,216,1
2046,162,1
7314,212,1
20547,163,1
19596,197,1
2725,212,1
2463,219,1
2600,219,1
7456,193,1
10021,219,1
23443,216,1
22725,218,1
17931,212,1
22874,218,1
22647,207,1
8768,212,1
461,219,1
20290,207,1
1994,185,1
3091,218,1
66,207,1
23198,203,1
20524,162,1
23236,232,1
6941,218,1
20581,235,1
2150,207,1
19813,221,1
23114,203,1
23421,221,1
22667,232,1
12099,221,1
14753,221,1
19723,238,1
10888,240,1
3893,235,1
20767,221,1
23200,240,1
372,241,1
2067,241,1
9491,235,1
20763,240,1
2032,227,1
21359,221,1
23282,227,1
19084,252,1
21000,252,1
9752,250,1
22627,250,1
22620,227,1
8096,240,1
20228,245,1
23267,221,1
22119,227,1
9518,252,1
12644,245,1
13816,254,1
22657,241,1
20233,254,1
19842,256,1
23127,258,1
9678,258,1
2357,245,1
275,254,1
12260,256,1
18159,225,1
22871,201,1
7207,201,1
22893,201,1
375,258,1
2279,242,1
13055,230,1
21006,254,1
12065,201,1
23497,278,1
22232,278,1
19298,281,1
6943,258,1
12089,254,1
2031,281,1
23031,281,1
23508,279,1
24112,279,1
233,281,1
19575,282,1
22428,230,1
21555,277,1
22472,282,1
18049,270,1
18004,270,1
12902,282,1
19899,270,1
22934,270,1
22156,262,1
23158,278,1
3365,262,1
22866,242,1
2124,247,1
22234,293,1
22718,262,1
9781,293,1
22939,297,1
11740,297,1
22814,297,1
23534,298,1
7381,293,1
23337,293,1
3612,299,1
11825,247,1
23573,291,1
3562,297,1
22862,230,1
17715,279,1
17760,301,1
13182,284,1
235,291,1
2837,284,1
2490,291,1
8700,281,1
9127,292,1
17935,284,1
13916,274,1
9549,313,1
19720,313,1
23278,313,1
9549,315,1
12816,292,1
22879,274,1
18857,274,1
9549,316,1
22929,313,1
3247,316,1
4137,316,1
8472,270,1
22771,318,1
19786,318,1
23686,315,1
22802,316,1
452,312,1
23452,316,1
15480,286,1
17870,286,1
23290,315,1
3443,332,1
23278,316,1
20500,332,1
20229,333,1
23111,336,1
7133,332,1
544,338,1
8197,312,1
24148,338,1
7590,328,1
7931,328,1
18778,328,1
2606,284,1
23042,322,1
3183,338,1
19904,286,1
22824,321,1
11017,331,1
22616,302,1
20487,331,1
23325,322,1
20156,302,1
13127,350,1
9992,322,1
215,348,1
15523,333,1
23628,322,1
18064,284,1
15632,351,1
21162,302,1
3551,328,1
11081,351,1
2721,343,1
17648,348,1
20816,352,1
131,352,1
19586,352,1
301,344,1
10821,307,1
9370,333,1
2691,363,1
23805,363,1
9795,363,1
6569,344,1
23634,307,1
9401,323,1
7260,364,1
10390,362,1
18817,352,1
20598,366,1
2901,369,1
10995,359,1
2919,350,1
2962,347,1
14438,347,1
23,339,1
239,362,1
23130,307,1
8394,383,1
23218,383,1
23135,381,1
126,381,1
18964,381,1
18790,383,1
1919,339,1
20542,384,1
2129,339,1
22625,384,1
3852,366,1
20262,385,1
22501,359,1
2785,376,1
24049,383,1
20916,372,1
448,372,1
10077,372,1
15613,376,1
20082,384,1
21274,395,1
19869,355,1
12564,355,1
633,401,1
355,391,1
3455,391,1
12381,391,1
22426,376,1
374,355,1
2218,405,1
23333,401,1
299,405,1
22209,391,1
20256,391,1
20678,372,1
6578,408,1
22416,372,1
17984,407,1
19639,407,1
22964,407,1
16285,405,1
24049,384,1
8799,405,1
2625,395,1
2633,380,1
2998,380,1
4118,357,1
9869,417,1
1932,380,1
13178,417,1
3302,417,1
23750,423,1
7275,407,1
2172,357,1
9096,423,1
59,417,1
22383,412,1
22417,412,1
9794,419,1
22384,412,1
23585,422,1
9381,422,1
21010,422,1
23092,430,1
19312,430,1
23093,430,1
2729,409,1
19224,409,1
9990,423,1
23492,410,1
23690,439,1
2360,446,1
23935,443,1
4042,410,1
19597,419,1
24163,443,1
8107,443,1
23913,440,1
63,440,1
24098,436,1
24070,443,1
23390,446,1
19871,416,1
18435,430,1
8756,455,1
22894,431,1
24135,436,1
23988,431,1
22483,409,1
23979,430,1
8270,434,1
335,455,1
23991,440,1
2299,461,1
3360,448,1
3663,448,1
13754,431,1
23216,434,1
22628,467,1
22768,467,1
23134,466,1
22544,466,1
23437,465,1
11137,448,1
22947,465,1
20268,471,1
23468,471,1
22790,471,1
22924,458,1
8721,461,1
9630,458,1
22401,471,1
22452,424,1
12829,465,1
11578,461,1
11751,461,1
23419,482,1
19616,472,1
23140,471,1
22757,472,1
21376,484,1
18085,472,1
24157,484,1
506,424,1
23312,472,1
9874,472,1
24121,486,1
23559,484,1
11056,388,1
9286,388,1
19821,454,1
20284,438,1
12244,438,1
23326,487,1
8661,487,1
2048,454,1
23372,466,1
9258,414,1
22851,414,1
8966,453,1
9073,491,1
24017,487,1
9702,486,1
9259,491,1
24013,414,1
24157,489,1
24130,489,1
23756,476,1
22309,483,1
24064,453,1
23734,480,1
9759,459,1
24060,459,1
23730,459,1
23746,454,1
23253,490,1
23559,490,1
210,202,1
22924,459,1
590,319,1
20188,459,1
18,436,1
23507,476,1
2842,338,1
23010,487,1
23079,490,1
10324,480,1
22737,489,1
1969,357,1
23978,490,1
